1459217577
1459225577
1459217971
1459225076
1459215773
1459216067
1459223949
1459218173
1459213013
1459213596
1459229240
1459230111
1459198805
1459207619
1459200841
1459192436
1459199929
1459226863
1459111144
1459116069
1459258286
1459114763
1459094508
1459110404
1459111675
1459092119
1459093151
1459092830
1459091061
1459093942
1459092812
1459035462
1459036159
1459046609
1459019336
1459029435
1459051955
1459008509
1459011319
1459010581
1459007324
1459021015
1459007414
1459006069
1459009070
1458998401
1458998754
1459000257
1458938548
1458949396
1458995863
1458937040
1458944879
1458951768
1458924547
1458924614
1458925537
1458919857
1458925679
1458920849
1458914237
1459008899
1458970075
1458867869
1458871139
1458877942
1458862434
1458863397
1458865824
1458848363
1458850488
1458849574
1458847794
1458848795
1458848011
1458847243
1458847366
1458847469
1458843619
1458844677
1458845405
1458831774
1458833609
1458833301
1458784238
1458785009
1458788251
1458758037
1458768579
1458758919
1458745997
1458747166
1458774711
1458742379
1458754926
1458829037
1458691254
1458693288
1458692522
